[app/ui]
version = 8.1.1
modtime = 1610892382.672033800

[app/launcher]
version = 8.1.1
modtime = 1610892382.680718300
